15
34
38
30
38
32
34
40
32
32
35
35
35
37
40
37
37
43
37
37
37
37
37
37
43
43
37
37
37
43
43
37
48
41
49
41
46
41
46
41
44
44
44
41
41
41
41
41
44
41
41
41
46
46
41
43
43
43
46
43
46
43
46
46
46
43
43
43
43
43
43
43
43
43
43
43
43
43
43
43
48
43
43
43
43
43
43
43
43
43
43
46
48
43
43
43
43
48
43
43
48
43
43
43
43
43
43
51
47
47
47
47
47
51
47
47
47
51
47
47
47
47
47
47
47
47
47
51
51
47
50
53
57
53
53
53
51
53
51
52
54
52
56
51
51
51
51
54
51
57
59
55
63
62
62
62
62
62
62
62
62
62
62
64
62
65
62
64
65
65
63
62
63
63
63
66
66
63
65
65
63
65
65
63
63
63
65
64
65
65
65
63
65
63
63
63
63
63
63
63
63
63
66
63
63
63
63
63
66
63
63
66
63
66
62
65
63
63
63
63
63
63
63
63
63
63
63
63
63
63
63
66
62
66
66
63
63
63
63
63
63
63
66
63
63
63
63
66
63
65
65
66
66
63
66
63
62
63
63
63
63
62
63
63
63
63
63
63
62
62
63
66
66
65
63
63
63
63
63
63
63
63
63
63
63
66
66
66
63
63
66
66
63
66
63
66
63
63
66
63
66
66
63
63
66
63
65
65
66
66
66
63
63
63
63
66
63
63
63
63
63
63
62
63
63
66
66
66
63
63
63
66
63
66
66
63
66
66
65
65
66
66
66
63
66
63
63
63
63
63
63
63
63
63
63
63
66
63
63
63
63
66
66
66
66
63
63
63
63
63
63
63
63
63
63
66
63
67
67
70
63
63
66
63
63
65
66
63
63
63
63
63
65
66
63
63
63
63
63
63
63
63
63
63
64
64
71
68
68
68
68
71
64
64
66
63
63
63
66
66
67
66
63
63
67
64
64
64
64
64
63
64
63
64
64
65
65
65
63
63
63
63
63
63
66
63
66
63
66
63
63
63
63
63
66
63
63
63
63
66
63
66
65
63
66
63
63
63
63
66
63
65
66
66
66
63
63
63
63
63
63
63
66
63
63
63
63
63
66
63
66
67
63
63
63
63
63
63
63
63
63
63
63
63
63
63
63
63
67
63
63
63
63
63
66
63
63
63
63
63
