0.586730364428
0.689136581527
0.48255676777
1.98514472145
0.848318030652
1.0814230018
0.659062973043
0.497070855204
1.07985148882
0.948605387453
0.827733169623
0.890861730814
0.827733169623
1.12794468449
1.21849231645
0.976747880794
0.848318030652
0.661879224272
0.539598880828
0.70315659881
0.541007006442
0.461412163151
0.420134788612
0.447392145868
0.548233669942
0.561691871607
0.453431545446
0.386436938325
0.548975382125
0.508717281769
0.494203194334
0.428103164295
0.531618263122
0.21457991059
0.622510804705
1.00732655682
0.556979498908
0.542678319428
0.914641798793
1.21702827524
1.54475146471
1.53310503814
1.53310503814
1.10876794908
1.29417685371
1.12182250126
1.20737036358
0.983429854845
1.31877967325
1.11397650445
1.14016379879
1.05366419448
1.07985148882
1.07985148882
1.07985148882
0.773359936684
0.761662721385
0.749759856867
1.22442405
0.80013774967
1.18753357188
0.796726019749
1.18753357188
1.16134627754
1.25066213307
0.913727839869
0.994376829641
0.919551053151
0.826325044009
0.80013774967
1.01173394864
0.948605387453
0.934064519678
1.00591073536
0.948605387453
0.948605387453
1.01173394864
1.00591073536
1.01014280804
0.93124826845
0.875521716464
0.902488465326
0.890861730814
0.885038517532
0.827733169623
0.827733169623
0.692320084019
0.630416620015
0.55019443451
0.748196456609
0.618513755497
1.0010947655
0.762166581072
0.800627704382
0.759350329843
0.747703903278
0.825295142263
0.778843768224
0.682571737781
0.639886237628
0.549672453709
0.696490299806
0.673230904558
0.805800337686
0.746648555434
0.646446487697
0.620208404624
0.695643734864
0.649262738925
0.623024655852
0.407518303266
0.464011490431
0.400419226143
0.605298578052
0.464668166135
0.582724132737
0.556486049663
0.585540383965
0.517434267875
0.438480871796
0.464668166135
0.464668166135
0.464668166135
0.425324742149
0.317608653967
0.537560608152
0.375519888845
0.513849653322
0.462492086637
0.481117268138
0.864863704606
0.844118729334
0.84111176728
0.726062762732
0.711548675298
0.439041853273
0.501862606628
0.426720114205
0.259677253522
0.732437960251
0.950082845851
0.797953170163
0.585597329089
1.62943491222
1.63225116345
1.63225116345
1.50668767998
1.60814106557
1.12421131614
1.29694189048
0.799963713528
0.798076335938
1.35566910287
0.889016500062
1.13959111106
1.14830876555
1.09941057977
1.19168279943
1.15694823006
1.13076093572
1.00988871789
1.04879250171
0.949938363775
1.15043225187
0.867410441667
0.843351899843
0.737819696363
1.25317609709
1.21849231645
1.15202291336
0.976747880794
1.00581896559
0.953376837684
0.96554411474
1.00630063879
0.979564132023
0.811290603487
0.844177826758
1.02122655558
1.00927290233
0.485589729301
1.0814230018
1.08724621508
0.760368683997
0.726037687208
0.574512298637
0.606573594993
1.13520278156
1.08724621508
1.07270534731
1.08724621508
0.606573594993
1.0732261978
0.805294467802
0.839678566141
0.831481762141
0.720214473926
0.720214473926
0.720214473926
0.706194456643
0.691680369208
0.666305641101
0.816256734297
0.848318030652
0.848318030652
0.83429801337
0.83429801337
0.828474800087
0.822079947579
0.848318030652
0.753973831489
0.83429801337
0.83429801337
0.822079947579
0.77438870128
1.08724621508
0.828474800087
0.707108512106
0.754182319587
0.727445812823
0.695384516467
0.727445812823
0.72162259954
0.71342579554
0.727445812823
0.707602582257
0.600750381711
0.600750381711
1.11398272185
0.606573594993
0.662287802301
0.606573594993
1.04936170545
0.600750381711
0.625335037196
0.444781687428
0.530129263214
0.435495128458
0.409257045385
0.448211617939
0.415651897892
0.489665513639
0.607011925803
0.486139707974
0.518226398696
0.47661096146
0.671664454269
0.564845853406
0.420134788612
0.961729272415
0.927570695807
0.70315659881
0.647859206989
0.647859206989
0.621647904255
0.659062973043
0.708834514565
0.659062973043
0.659062973043
0.647416546478
0.633642357106
0.580876255366
0.539598880828
0.541007006442
0.408488362047
0.461412163151
0.420134788612
0.428852443104
0.630647796889
0.575921715767
0.468220408155
0.661879224272
0.70315659881
0.900807408703
0.461203675053
0.525666992092
0.59028244359
0.58228438098
0.568264363698
0.406114771329
0.394468344764
0.432878058433
0.391600683895
0.434675656386
0.420134788612
0.719312136478
0.764206654757
0.626874703628
0.439973343781
0.626874703628
0.585597329089
0.57390011379
0.491982468515
0.610716409533
0.39622933113
0.682169339022
0.593358417548
0.958982033091
0.440424903363
0.505045919765
0.522737299052
0.522737299052
0.480869266035
0.548975382125
0.497070855204
0.401865081222
0.761665483483
0.793115977244
0.57571188889
0.497070855204
0.48255676777
0.388810529043
0.394205608145
0.33396745323
0.301407733183
0.280992863393
0.278670061409
0.448542575151
0.400456955608
0.400456955608
0.420871825399
0.388810529043
0.45022849713
0.420871825399
0.388810529043
0.548975382125
0.51691408577
0.534434514351
0.522788087786
0.548975382125
0.475046052753
0.508717281769
0.516888691403
0.534434514351
0.51691408577
0.51691408577
0.497070855204
0.511040083753
0.761665483483
0.761665483483
0.522788087786
0.522737299052
0.496576785053
0.508274621259
0.386525066872
0.428103164295
0.422279951013
0.401915869956
0.390218654657
0.422279951013
0.388810529043
0.768060335991
0.255275630811
0.814640073321
0.307230946466
0.274033643485
0.278670061409
0.782080353274
0.307230946466
0.307230946466
0.27516965011
0.301407733183
0.269346436828
0.301407733183
0.301407733183
0.293210929183
0.2873877159
0.255326419545
0.278696841748
0.505011221252
0.352077707066
0.374013223316
0.416541024105
0.240529113817
0.237028702519
0.284712553055
0.606083734572
0.475931492583
0.374013223316
0.472949924896
0.446904792349
0.907162542649
0.311105496613
0.332294118612
0.214947706448
0.724181211596
0.453166336442
0.361757284466
0.1974018835
0.486092845668
0.357149470438
0.362972683721
0.697993917257
0.444994926809
0.350360792052
0.364380809335
0.338193514996
0.332294118612
0.22366536094
0.278192372145
0.185755456935
0.237685378223
0.22366536094
0.191604064584
0.71260255345
0.166022657215
0.398222282171
0.519971836558
0.292690078692
0.33396745323
0.814640073321
0.209151273505
0.176806758857
0.252740880942
0.909511582094
0.781793293268
0.865990195653
0.53062164868
0.630757238503
0.426846903801
0.248824823101
0.546190574498
0.39525854789
0.354130465933
0.654300647172
0.53474842641
0.362329637312
0.350632422013
0.311166822574
0.476629363051
0.259878996615
0.166364934928
0.556901444352
0.159465357132
0.16586020964
0.900690094174
0.22364292162
0.165743779942
0.201831136215
0.877893725132
0.471261540887
0.732133536327
0.61995219265
0.659624734406
0.776081864567
0.755666994777
0.746647623762
0.609853192883
0.613631549314
0.66103286002
0.681489613241
0.54016064219
0.534337428908
0.484565887385
0.499543699997
0.330941228064
0.331207651543
0.26658663514
0.190304739958
0.58402612377
0.450910445783
0.395400448314
0.660045865327
0.456324346249
0.380886360879
0.247273493928
0.284272461283
0.327078058437
0.482562429322
0.456324346249
0.447304975235
0.660045865327
0.43276410746
0.407046874879
0.380886360879
0.284766531435
0.13914192522
0.35079214277
0.264429230717
0.69525253068
0.226277125889
0.208756697307
0.21457991059
0.158985155785
0.158985155785
0.176999654518
0.115515065063
0.101000977628
0.200684573458
0.126667421476
0.455392817481
0.0754195702593
0.334700678509
0.214701498673
0.209372355542
0.154554674096
0.262710402445
0.297967856532
0.24816953467
0.210805875524
0.208878285391
0.208878285391
0.67087743205
0.139160340331
0.0952374064576
0.0812427835417
0.0754195702593
0.0695709626098
0.429947856232
0.248730549328
0.124413823337
0.304690123082
0.101019392739
0.0754379853702
0.0192498328859
0.320700083817
0.171341838797
0.0495549445975
0.0754379853702
0.0781158296546
